min_diff:0.000523210909363
fp:0.301455301455fn:0.300932090546
thr:0.669835932137avg:0.301193696001