min_diff:3.54826402627e-05
fp:0.352044640626fn:0.352080123267
thr:0.996273825484