min_diff:0.284503544823
fp:0.121621621622fn:0.406125166445
thr:-0.00100247avg:0.263873394033