min_diff:0.000454003117119
fp:0.282744282744fn:0.282290279627
thr:0.983872083992avg:0.282517281186