min_diff:2.72054963316e-05
fp:0.34671441659fn:0.346687211094
thr:0.816430268648