min_diff:1.66098701385e-05
fp:0.355509355509fn:0.355525965379
thr:0.989144975649avg:0.355517660444