min_diff:6.09557111203e-05
fp:0.53627050887fn:0.536209553159
thr:0.638130225274