min_diff:1.89925163069e-05
fp:0.543932705922fn:0.543913713405
thr:0.612565085534