min_diff:3.01570360278e-06
fp:0.427583909386fn:0.427580893683
thr:-3.08724168094