min_diff:9.55067532964e-05
fp:0.294178794179fn:0.294274300932
thr:0.648190875317avg:0.294226547555