min_diff:0.520074704753
fp:0.0538852336137fn:0.573959938367
thr:0.493506993131