min_diff:0.000254684675457
fp:0.451143451143fn:0.451398135819
thr:-8.62728068041avg:0.451270793481