min_diff:0.000375106233961
fp:0.221413721414fn:0.22103861518
thr:0.835284913885avg:0.221226168297