min_diff:0.415049169443
fp:0.075705838261fn:0.490755007704
thr:-0.00100247