min_diff:0.000297528034173
fp:0.355459315399fn:0.355161787365
thr:0.825564090802