min_diff:0.000300361818338
fp:0.678794178794fn:0.679094540613
thr:0.499406183745avg:0.678944359703