min_diff:0.494349875841
fp:0.0675675675676fn:0.561917443409
thr:0.499095497452avg:0.314742505488