min_diff:0.00226149542155
fp:0.377583465819fn:0.37984496124
thr:0.99472568183avg:0.37871421353