min_diff:0.000320429868993
fp:0.387917329094fn:0.387596899225
thr:0.869838853649avg:0.387757114159