min_diff:0.000135566483036
fp:0.317965023847fn:0.317829457364
thr:0.991334279467avg:0.317897240606