min_diff:0.236822321638
fp:0.453100158983fn:0.68992248062
thr:-0.9avg:0.571511319801