min_diff:0.0438372709235
fp:0.545310015898fn:0.589147286822
thr:-2.0avg:0.56722865136