min_diff:9.24316929789e-05
fp:0.465023847377fn:0.46511627907
thr:0.666489648795avg:0.465070063223