min_diff:9.24316929789e-05
fp:0.465023847377fn:0.46511627907
thr:0.696074931414avg:0.465070063223