min_diff:0.000326591981859
fp:0.356915739269fn:0.356589147287
thr:0.909703104822avg:0.356752443278