min_diff:0.00205198358413
fp:0.323529411765fn:0.325581395349
thr:0.849844356121avg:0.324555403557