min_diff:0.000264970853206
fp:0.33306836248fn:0.333333333333
thr:0.767166123893avg:0.333200847907