min_diff:0.000332754094724
fp:0.325914149444fn:0.325581395349
thr:0.973748012975avg:0.325747772396