min_diff:0.000231154026094
fp:0.697505197505fn:0.697736351531
thr:0.500750185141avg:0.697620774518