min_diff:0.000656089870471
fp:0.54261954262fn:0.54327563249
thr:0.712287977756avg:0.542947587555