min_diff:6.66021348872e-05
fp:0.400682934955fn:0.40061633282
thr:-12.7279839014