min_diff:5.19727642184e-06
fp:0.375197801283fn:0.375192604006
thr:0.927118898802