min_diff:2.63072016414e-05
fp:0.368285166986fn:0.368258859784
thr:0.915554404989