min_diff:0.000199318441662
fp:0.266112266112fn:0.266311584554
thr:0.905984689745avg:0.266211925333