min_diff:7.86007853919e-05
fp:0.612559340385fn:0.612480739599
thr:0.499406181407