min_diff:0.398870561253
fp:0.0787873740318fn:0.477657935285
thr:-0.00180074