min_diff:0.258293169745
fp:0.127858627859fn:0.386151797603
thr:-0.00180074avg:0.257005212731