min_diff:3.67659183915e-05
fp:0.617140001666fn:0.617103235747
thr:0.500644649162