min_diff:0.442092456074
fp:0.0758835758836fn:0.517976031957
thr:0.493506993131avg:0.29692980392