min_diff:0.564404585255
fp:0.0473057383193fn:0.611710323575
thr:0.499095497452