min_diff:7.61285714681e-05
fp:0.379417879418fn:0.379494007989
thr:0.511966101724avg:0.379455943704