min_diff:4.2989817316e-06
fp:0.396768551678fn:0.396764252696
thr:0.985153000414