min_diff:0.00124989272792
fp:0.497920997921fn:0.496671105193
thr:-1.09974avg:0.497296051557