min_diff:0.000100143956938
fp:0.353946297803fn:0.353846153846
thr:0.947195909547avg:0.353896225825