min_diff:0.000560897435897
fp:0.369791666667fn:0.369230769231
thr:0.898308863279avg:0.369511217949