min_diff:0.00139392646327
fp:0.388990825688fn:0.387596899225
thr:0.852364529874avg:0.388293862456