min_diff:8.71296987802e-05
fp:0.392394822006fn:0.392307692308
thr:0.910514246403avg:0.392351257157