min_diff:0.00184032834635
fp:0.394148020654fn:0.392307692308
thr:0.931084660477avg:0.393227856481