min_diff:0.000111449587637
fp:0.372204472843fn:0.372093023256
thr:0.943644336259avg:0.37214874805