min_diff:0.000256003901012
fp:0.377179080824fn:0.376923076923
thr:0.865372156779avg:0.377051078874