min_diff:0.000325525440521
fp:0.36890524379fn:0.369230769231
thr:0.940603023809avg:0.369068006511