min_diff:0.00022903453136
fp:0.356818181818fn:0.356589147287
thr:0.932819032711avg:0.356703664553